1 20081474 박소영 90 46 20 20 6
2 20081756 장정아 83 56 30 30 10
3 20081544 김성일 77 34 25 25 10
4 20080967 홍송희 64 45 24 24 10
5 20080975 한진영 22 89 30 30 10
6 20080983 안정희 39 68 29 29 10
7 20080984 김덕기 88 54 10 10 10 
8 20090986 박홍민 89 46 29 29 10
9 20090992 김도연 74 67 29 29 10
10 20090993 백철호 43 92 29 29 10
11 20091002 이지영 44 80 29 29 10
12 20091005 김민수 76 87 23 23 10
13 20091006 정해원 78 46 26 26 10
14 20091014 김선호 27 29 30 30 10
15 20091016 강진영 22 28 29 29 10
16 20091024 최은나 37 84 21 21 10
17 20091028 김성수 89 75 23 23 10
18 20091029 김성은 90 64 29 29 10
19 20091031 김민희 94 66 21 21 8
20 20091032 손유진 99 88 29 29 10